
London: 51.50929642,-0.126935408 $ 51.51238632,-0.128918305 $ 51.52095413,-0.152780667 $ 51.6169281, -1.257077813
Delhi: 28.54471397,77.24542236 $ 28.54065704,77.2401123 $ 28.54288292,77.21685791 $ 28.55566406,77.0855484
Bombay: 19.13299942,72.8323288 $ 19.11615181,72.82850647 $ 19.06005859,72.84658813 $ 19.10517311,72.82744598
LA: 34.09722519,-118.3234558 $ 34.09472656,-118.3561783 $ 34.09753418,-118.3193359 $ 34.09455872,-118.3559189 
NY: 40.70938492,-73.95515442 $ 40.70965576,-73.9547348 $ 40.64833832,-73.80292511 $ 40.73474503,-73.99810791